"sp1" "sp2" "sp3" "sp4"
"1" 8.08228315087035 -1.87345572408294 1.47943762681427 -1.20182729427075
"2" 6.01158702513203 -0.10684920169537 1.02941205125519 -0.411370599104824
"3" 1.67580707464367 0.776401599059278 1.26492266352744 -0.933271773809943
"4" 9.27600348368287 1.22089988792178 0.5862767258659 -0.37383650087715
"5" 9.65717592043802 -0.272528323394512 0.272438035381617 7.2686372827183
"6" 5.9306925907731 -0.726992512434791 0.65470831701532 0.57611573213588
"7" 4.21986493049189 -2.10758804114498 0.199945731448871 1.63294988343478
"8" 2.49686911469325 1.43343114448233 0.122676484799313 -34.4979615322837
"9" 0.916221642401069 1.93468327740371 0.0185433270564242 -1.15089789968483
"10" 6.55034883413464 -0.0500963663526031 0.0968860830180347 -0.0322535378168991
"11" 8.58636505668983 -4.01444935636743 0.242391424719244 0.108924002221796
"12" 4.67451914446428 2.68957124388133 1.52000998697224 0.518953822920586
"13" 4.61966161150485 -3.95324931974854 0.509595288429409 -1.0942460813144
"14" 3.00015879794955 1.31533133756548 0.73325041416044 0.0035707070861218
"15" 4.92604540195316 -0.780695947480768 0.674165583215654 2.8109031068945
"16" 3.42003343161196 -0.584906368960443 0.23948259325698 8.4477418377589
"17" 0.841836505569518 -1.54968229175187 0.372210233550002 2.72759972026116
"18" 7.0992753887549 -0.154364017390021 2.79396786511275 3.16145732976679
"19" 1.64313122397289 -1.36495115049154 0.582458376418799 0.630061380713427
"20" 7.67843294423074 0.399684939625525 4.62719403554626 -0.1530469445614
"21" 3.72703519416973 0.904826396447939 2.04480019762161 6.83059033925719
"22" 3.00040730042383 2.71060995419943 0.0854355781339109 1.65220048611831
"23" 6.37852034065872 -0.491337353466471 0.875852039886285 -0.109080537257495
"24" 2.39164410857484 0.27014440124207 1.84000739260557 -1.31046865754005
"25" 8.94642675528303 -2.17046636351577 0.608029111050611 -2.04869960621433
"26" 8.30171361099929 -2.54997535197921 1.54930019556525 2.77291791087288
"27" 9.98854549601674 1.10717280724589 2.17543772409174 -1.38970878637982
"28" 6.01583388401195 1.82762732402929 0.305438984651119 -7.178617909992
"29" 3.05480797309428 -0.0133428783614179 1.45580424732509 0.862083780846926
"30" 8.24015787104145 -0.39328344920541 1.51144476256043 20.5967545785084
